1001 66
1002 29
1004 77
1005 23
1006 67
1007 55
1008 83
1009 84
1010 86
1011 63
1012 13
1013 72
1014 52
1015 66
1016 26
1017 99
1018 17
1019 43
1020 61
1021 74
1023 44
1024 22
1025 76
1026 45
1027 -1
1028 59
1029 78
1030 89
1031 74
1032 34
1033 13
1034 75
1035 39
1036 31
1037 66
1038 21
1039 55
1040 39
1041 18
1042 40
1043 60
1044 56
1046 11
1047 94
1048 81
1049 54
1050 35
1051 25
1052 19
1053 71
1054 53
1055 75
1056 94
1057 71
1058 73
1059 81
1060 36
1061 55
1062 96
1063 14
1064 12
1065 67
1066 52
1068 51
1069 45
1070 47
1071 95
1072 32
1073 71
1074 18
1075 28
1076 33
1077 94
1078 90
1079 44
1080 33
1081 48
1084 89
1086 63
1087 81
1088 14
1090 -1
1091 22
1092 47
1093 13
1094 37
1095 83
