3001 64
3003 15
3004 19
3005 80
3006 98
3007 31
3008 22
3009 72
3010 63
3011 25
3013 -1
3014 80
3016 79
3017 72
3018 95
3019 13
3020 82
3021 59
3022 14
3025 91
3026 52
3027 72
3028 59
3029 20
3030 82
3032 95
3033 75
3034 37
3035 98
3036 55
3037 100
3038 32
3039 67
3040 60
3041 54
3042 60
3043 10
3044 35
3047 89
3048 75
3049 96
3050 22
3051 57
3052 76
3053 47
3054 85
3055 37
3056 37
3057 91
3058 96
3059 59
3060 50
3062 71
3063 -1
3064 23
3066 24
3067 50
3068 11
3069 40
3070 93
3072 91
3073 96
3074 55
3076 74
3077 42
3078 14
3079 46
3080 -1
