1001 55
1002 92
1003 10
1004 53
1005 90
1006 31
1008 43
1010 84
1011 57
1012 41
1013 63
1014 38
1015 86
1016 26
1017 67
1018 31
1019 70
1020 78
1021 96
1022 40
1023 -1
1024 87
1025 49
1027 15
1028 91
1029 83
1030 11
1031 98
1032 55
1033 32
1034 77
1035 92
1036 93
1037 39
1038 13
1039 69
1041 80
1042 28
1043 15
1044 71
1045 70
1046 15
1048 85
1049 50
1050 89
1051 38
1053 20
1055 14
1056 43
1057 44
1059 35
1060 100
1061 74
1062 78
1063 41
1064 25
1065 51
1066 58
1067 94
1068 64
1069 82
1070 37
1071 14
1073 80
1074 17
1075 92
1076 30
1077 13
1078 44
1079 75
1080 96
1082 78
1083 77
1084 82
1085 76
1087 63
1088 15
1089 32
1090 49
1091 26
1092 75
1093 36
1094 83
