2001 35
2002 100
2003 44
2004 18
2005 32
2006 21
2007 28
2008 63
2009 34
2010 71
2011 88
2012 87
2013 35
2014 15
2015 95
2016 95
2017 56
2018 14
2019 21
2020 46
2021 53
2022 86
2023 42
2024 97
2025 95
2026 55
2027 97
2028 71
2029 47
2030 23
2031 51
2032 39
2033 17
2034 60
2035 66
2036 34
2037 62
2038 43
2039 65
2040 17
2041 90
2042 83
2043 92
2044 25
2045 74
2046 47
2047 49
2048 39
2049 100
2050 82
2051 11
2052 70
2053 76
2054 64
2055 78
2056 47
2057 14
2058 97
2060 85
2062 27
2063 89
2064 49
2065 21
2066 60
2067 93
2068 19
2069 83
2070 35
2071 98
2072 89
2074 44
2076 45
2077 59
2078 21
2079 14
2080 26
2081 28
2082 87
2083 79
2084 50
2085 92
2087 63
2088 67
2089 70
