4001 23
4002 61
4003 94
4004 88
4005 76
4006 15
4007 44
4008 32
4009 77
4011 29
4012 11
4014 16
4015 48
4016 11
4017 69
4018 45
4019 83
4021 26
4022 70
4023 82
4024 63
4027 84
4028 51
4029 56
4030 99
4031 15
4032 22
4033 25
4034 69
4035 25
4036 32
4038 52
4039 55
4040 44
4041 90
4042 64
4043 47
4044 22
4045 56
4046 20
4047 41
4048 72
4050 44
4051 22
4053 51
4054 -1
4055 31
4056 62
4057 30
4058 23
4059 52
4060 65
4061 74
4062 55
4063 56
4064 98
4065 14
4066 58
4067 14
4068 17
4070 90
4071 12
4072 96
4073 82
4074 31
4075 67
4076 94
4077 21
4078 91
4079 98
4080 74
4081 32
4083 19
4084 18
4085 80
4086 12
4087 17
4088 99
4089 43
4090 76
4091 36
4092 15
4093 26
4094 38
4095 69
4096 50
4097 52
4098 83
4099 21
