3001 98
3002 97
3003 36
3004 72
3005 19
3006 66
3007 63
3008 29
3009 53
3010 -1
3011 45
3012 73
3013 63
3014 50
3015 99
3016 62
3017 14
3018 82
3019 22
3020 83
3021 12
3022 68
3023 89
3024 63
3025 19
3028 69
3029 99
3030 90
3031 79
3033 42
3034 38
3035 96
3036 11
3037 63
3038 29
3039 38
3041 74
3042 53
3043 48
3044 97
3045 38
3046 94
3047 80
3048 67
3049 95
3051 87
3052 27
3053 67
3054 22
3055 57
3056 80
3057 96
3058 68
3059 56
3061 39
3062 56
3063 32
3064 60
3065 17
3066 70
3067 71
3068 90
3069 10
3071 85
3072 85
3073 98
3074 54
3075 18
3076 22
3077 52
3078 21
3079 71
3080 29
