3001 31
3002 91
3003 54
3004 32
3005 19
3006 51
3007 71
3008 88
3009 82
3010 85
3011 79
3012 99
3013 82
3014 24
3015 46
3016 23
3017 37
3019 27
3020 23
3021 -1
3022 47
3023 80
3024 91
3025 28
3026 -1
3027 19
3028 89
3029 45
3030 13
3031 14
3032 60
3033 66
3036 -1
3037 40
3038 22
3039 85
3040 23
3041 55
3043 21
3044 72
3045 83
3046 30
3047 69
3048 39
3049 44
3050 -1
3051 99
3052 63
3053 40
3054 54
3056 92
3057 69
3059 87
3060 99
3061 -1
3062 16
3063 22
3064 31
3066 53
3067 34
3068 24
3069 35
3070 10
3071 91
3072 18
3073 64
3074 52
3075 76
3076 37
3077 88
3078 98
3079 78
3080 36
