1001 69
1002 53
1004 71
1005 77
1006 63
1007 94
1008 89
1009 61
1010 61
1011 69
1012 17
1013 70
1014 17
1016 91
1017 55
1018 76
1019 100
1020 12
1021 20
1022 51
1023 23
1024 -1
1025 19
1026 91
1027 40
1028 13
1029 29
1031 98
1032 33
1033 58
1034 30
1035 80
1036 55
1037 65
1038 41
1040 60
1041 61
1042 27
1043 43
1044 29
1045 45
1046 49
1047 59
1048 44
1050 69
1051 50
1052 96
1053 80
1054 99
1055 21
1056 75
1057 42
1058 22
1059 98
1060 75
1061 36
1062 90
1063 59
1064 79
1065 79
1066 85
1067 23
1068 60
1069 23
1070 59
1071 80
1072 16
1073 54
1075 54
1077 74
1078 79
1079 15
1080 99
1081 -1
1082 16
1083 96
1084 20
1086 49
1087 93
1088 34
1089 83
1090 36
1091 19
1092 93
1093 60
1094 19
1095 19
