3001 41
3002 91
3003 67
3004 78
3005 76
3006 30
3007 78
3008 43
3009 87
3010 42
3011 68
3012 66
3013 73
3014 51
3015 95
3016 36
3017 46
3018 73
3019 49
3020 13
3021 29
3022 90
3023 47
3024 72
3025 93
3026 94
3027 33
3028 60
3029 31
3030 95
3031 78
3032 73
3033 27
3034 60
3036 84
3037 96
3038 17
3039 -1
3040 12
3042 95
3043 89
3044 96
3045 66
3046 80
3047 89
3048 68
3049 52
3050 32
3051 25
3052 79
3053 88
3054 88
3055 20
3056 98
3057 32
3058 86
3059 39
3060 10
3061 55
3062 52
3063 54
3064 66
3065 94
3066 13
3067 49
3068 15
3069 93
3070 40
3071 27
3073 39
3074 88
3075 15
3076 25
3077 33
3078 52
3079 68
3080 81
