1001 12
1002 11
1003 98
1004 96
1005 44
1006 25
1008 91
1009 32
1010 94
1011 20
1012 34
1013 89
1014 32
1015 -1
1016 23
1017 11
1018 96
1019 94
1020 21
1021 87
1022 89
1023 69
1024 18
1025 92
1026 45
1027 31
1028 33
1030 48
1031 79
1032 99
1033 83
1034 57
1035 51
1036 47
1037 48
1038 36
1039 79
1041 53
1042 93
1043 70
1045 30
1047 15
1048 68
1049 44
1050 76
1051 64
1052 90
1053 34
1054 15
1055 26
1056 76
1058 44
1059 42
1060 54
1061 51
1062 77
1064 16
1065 31
1066 81
1067 34
1068 50
1069 60
1071 94
1075 80
1076 64
1077 97
1078 61
1079 33
1080 11
1081 57
1082 83
1083 87
1084 29
1085 41
1087 85
1089 24
1090 96
1091 13
1092 13
1093 66
1094 13
1095 19
