1001 36
1002 15
1003 20
1004 68
1005 -1
1006 82
1007 -1
1008 15
1009 43
1010 66
1011 75
1013 35
1014 63
1015 37
1016 49
1017 17
1018 16
1019 61
1020 78
1021 30
1022 36
1023 78
1024 94
1025 55
1026 71
1028 58
1029 34
1030 83
1031 97
1032 37
1033 55
1035 68
1037 32
1038 78
1039 40
1040 59
1041 52
1042 21
1044 35
1045 37
1046 10
1047 33
1048 91
1050 40
1051 42
1052 24
1053 41
1054 48
1055 73
1056 70
1057 18
1059 20
1060 31
1061 78
1062 -1
1063 86
1064 32
1065 52
1066 90
1067 89
1070 20
1071 96
1072 76
1073 51
1074 47
1075 38
1076 77
1077 60
1078 51
1079 56
1080 54
1082 16
1083 76
1084 27
1086 -1
1088 80
1089 48
1090 42
1091 19
1092 94
1093 57
1094 92
1095 47
