3001 25
3002 79
3003 45
3004 30
3005 85
3006 55
3007 44
3008 58
3009 53
3010 50
3011 75
3012 62
3013 97
3014 34
3016 86
3017 51
3018 28
3019 28
3021 11
3022 12
3023 47
3024 90
3025 26
3026 83
3027 71
3028 23
3029 58
3030 96
3031 66
3032 25
3033 53
3034 10
3035 38
3036 49
3037 32
3038 24
3039 15
3040 98
3043 66
3044 90
3045 70
3046 35
3049 21
3050 38
3051 30
3052 51
3053 81
3054 12
3055 58
3056 91
3057 80
3058 99
3059 94
3060 10
3062 100
3063 60
3064 51
3065 47
3066 19
3067 45
3068 91
3069 100
3070 62
3071 17
3073 38
3075 86
3076 40
3077 47
3078 21
3079 37
3080 38
