2001 26
2002 39
2003 -1
2004 75
2005 78
2006 76
2007 67
2008 56
2010 58
2011 68
2012 61
2013 99
2015 85
2017 47
2018 72
2019 61
2020 56
2021 37
2023 67
2024 100
2025 63
2026 16
2027 40
2028 28
2029 52
2030 75
2031 31
2032 32
2033 -1
2034 97
2036 64
2038 53
2039 84
2041 81
2042 28
2043 31
2044 13
2045 46
2046 36
2047 64
2048 30
2049 27
2050 53
2051 40
2055 55
2056 79
2058 38
2060 27
2061 95
2063 69
2064 81
2067 92
2068 50
2069 56
2070 65
2071 27
2072 72
2074 26
2075 57
2076 66
2077 52
2078 91
2079 69
2080 78
2081 100
2082 48
2083 19
2084 72
2085 38
2086 98
2087 -1
2088 18
2089 45
