2001 18
2002 40
2003 82
2004 17
2006 85
2007 45
2008 43
2009 77
2010 51
2011 35
2012 84
2013 41
2014 96
2015 28
2017 72
2018 86
2019 25
2020 36
2021 37
2022 18
2023 67
2024 46
2025 51
2026 40
2029 59
2031 18
2032 31
2033 49
2034 84
2035 72
2036 28
2037 47
2038 64
2039 86
2040 35
2041 47
2042 47
2043 49
2044 92
2045 72
2046 15
2048 98
2049 65
2050 96
2051 21
2052 27
2053 -1
2054 12
2056 -1
2057 48
2058 39
2059 55
2060 57
2061 89
2062 32
2063 29
2064 32
2065 13
2066 37
2068 48
2069 31
2070 13
2071 72
2072 46
2073 25
2074 57
2075 92
2076 33
2077 65
2079 21
2080 15
2081 96
2083 39
2084 25
2085 99
2086 51
2087 60
2088 70
2089 85
