1001 52
1002 73
1003 15
1004 84
1005 50
1006 47
1007 29
1008 95
1009 31
1010 61
1011 29
1012 64
1014 67
1015 55
1016 74
1017 61
1018 95
1019 52
1020 61
1021 59
1022 65
1023 18
1024 69
1025 71
1026 59
1027 79
1028 71
1029 59
1030 10
1031 15
1032 -1
1033 76
1034 64
1035 55
1036 -1
1038 88
1039 84
1040 34
1041 47
1042 48
1043 81
1044 43
1045 99
1046 26
1047 22
1048 36
1049 33
1050 85
1052 68
1053 87
1054 22
1055 62
1056 79
1058 -1
1059 32
1060 73
1062 75
1063 91
1064 52
1065 10
1067 67
1068 65
1069 33
1070 21
1071 56
1072 24
1073 64
1075 93
1077 56
1078 52
1079 68
1080 68
1083 59
1084 24
1085 59
1086 55
1087 33
1088 70
1089 77
1090 66
1091 23
1092 93
1093 58
1094 43
1095 37
