1001 51
1002 84
1003 95
1004 58
1005 95
1006 32
1007 31
1008 51
1009 95
1010 91
1011 13
1014 61
1015 13
1016 41
1017 97
1018 14
1019 31
1020 97
1022 100
1024 77
1025 25
1026 99
1027 69
1028 95
1029 61
1030 48
1031 34
1032 71
1033 35
1034 80
1035 10
1036 94
1038 20
1039 99
1040 12
1041 88
1042 49
1043 75
1044 72
1045 56
1046 95
1047 86
1048 96
1050 32
1051 30
1052 11
1053 -1
1054 54
1055 38
1057 52
1058 11
1059 62
1060 91
1061 95
1062 20
1063 21
1064 18
1065 67
1066 92
1067 53
1068 20
1069 96
1070 88
1071 36
1072 92
1073 30
1074 57
1075 13
1077 68
1078 30
1079 35
1080 93
1081 28
1082 21
1083 35
1084 13
1085 94
1087 47
1088 21
1089 65
1090 84
1091 32
1092 34
1093 40
1094 87
1095 61
