2001 74
2002 32
2003 34
2004 53
2005 94
2006 33
2007 98
2008 62
2009 86
2010 100
2011 63
2014 94
2016 11
2017 92
2018 72
2019 18
2020 39
2022 10
2024 23
2025 63
2026 35
2027 11
2029 42
2030 62
2031 17
2032 94
2033 42
2035 49
2036 73
2038 70
2039 68
2040 54
2041 -1
2042 -1
2043 73
2044 78
2046 57
2048 62
2049 94
2050 -1
2052 50
2053 65
2054 91
2056 67
2057 66
2058 59
2059 97
2060 38
2061 71
2062 26
2064 22
2065 14
2066 63
2067 64
2068 84
2069 78
2070 12
2071 24
2072 63
2073 28
2074 56
2075 15
2076 86
2077 85
2078 19
2079 17
2080 49
2081 81
2082 68
2083 -1
2084 48
2085 10
2086 25
2087 82
2088 78
2089 35
