4001 11
4003 85
4004 55
4005 59
4007 85
4008 25
4009 32
4010 17
4011 50
4013 71
4015 67
4016 97
4017 17
4018 89
4019 12
4020 84
4021 58
4023 51
4024 57
4026 53
4027 52
4029 80
4030 90
4031 57
4032 14
4033 77
4034 17
4035 81
4036 54
4037 18
4038 66
4039 93
4040 40
4041 25
4043 17
4044 89
4045 18
4046 -1
4047 65
4048 22
4049 35
4050 100
4051 46
4052 83
4053 81
4055 54
4056 22
4057 50
4058 54
4059 59
4060 41
4062 16
4063 63
4064 55
4065 34
4066 87
4067 38
4068 32
4069 100
4070 74
4071 40
4072 10
4073 34
4074 46
4077 40
4078 30
4079 26
4080 18
4081 34
4082 41
4083 35
4084 46
4086 52
4087 46
4088 54
4089 89
4090 74
4091 97
4092 27
4093 67
4094 76
4095 44
4096 99
4097 37
4099 79
