4001 89
4002 72
4003 57
4004 16
4005 41
4006 15
4007 38
4008 35
4009 70
4010 57
4011 59
4012 75
4013 27
4014 11
4016 53
4017 -1
4018 48
4019 34
4020 60
4021 69
4022 76
4023 77
4024 70
4025 31
4026 23
4027 65
4029 15
4030 31
4031 40
4032 69
4033 54
4034 -1
4035 99
4036 85
4037 87
4038 52
4039 85
4041 87
4042 97
4043 52
4044 34
4045 91
4046 13
4047 87
4048 67
4049 34
4050 76
4051 89
4052 88
4054 47
4055 32
4056 33
4057 92
4058 19
4059 67
4060 73
4061 44
4062 76
4063 46
4064 88
4066 22
4067 99
4068 24
4069 12
4070 75
4071 32
4072 11
4073 40
4074 41
4075 36
4076 97
4077 57
4078 25
4079 13
4080 -1
4081 75
4082 15
4083 79
4084 79
4085 58
4086 76
4087 40
4089 68
4090 50
4091 32
4092 41
4093 12
4094 39
4095 80
4096 59
4097 55
4098 19
4099 99
