2001 20
2003 79
2004 29
2005 16
2006 20
2008 14
2009 15
2010 96
2011 52
2012 64
2013 23
2014 14
2015 88
2017 84
2019 13
2021 92
2022 52
2023 75
2024 38
2025 49
2026 96
2027 19
2028 31
2029 -1
2030 90
2031 61
2032 44
2033 94
2034 28
2035 11
2036 42
2037 19
2038 37
2039 47
2040 11
2041 20
2042 89
2043 55
2044 63
2045 52
2046 51
2047 95
2048 94
2049 37
2050 25
2051 85
2052 91
2053 72
2054 24
2055 58
2056 99
2057 47
2058 98
2059 67
2060 81
2061 90
2062 85
2063 20
2064 72
2065 97
2066 36
2068 76
2069 25
2070 54
2071 59
2072 -1
2073 16
2074 90
2076 21
2077 32
2078 10
2079 14
2080 27
2081 34
2082 99
2083 57
2084 64
2085 22
2086 38
2087 43
2088 56
2089 97
