1001 31
1002 11
1003 88
1004 35
1005 71
1006 76
1007 52
1008 81
1009 29
1010 45
1011 100
1012 94
1013 71
1014 95
1015 30
1016 83
1017 34
1018 59
1019 26
1020 94
1021 94
1022 10
1023 82
1024 96
1025 81
1027 96
1028 47
1029 26
1031 52
1032 84
1033 74
1034 83
1035 18
1036 51
1037 70
1038 21
1039 91
1040 49
1041 38
1042 42
1044 23
1045 49
1047 58
1048 72
1050 38
1051 77
1052 67
1053 89
1054 23
1055 57
1057 85
1058 53
1059 76
1060 13
1061 99
1062 23
1063 81
1064 -1
1065 37
1067 66
1068 16
1069 72
1070 16
1071 19
1072 52
1073 32
1074 87
1075 44
1076 49
1077 72
1078 94
1079 83
1080 53
1081 28
1082 38
1083 19
1084 66
1085 92
1086 41
1087 96
1088 29
1089 15
1090 28
1091 66
1092 39
1093 85
1094 78
1095 14
