2001 75
2002 45
2003 24
2004 28
2005 -1
2006 80
2007 27
2008 88
2010 63
2012 14
2014 14
2015 87
2016 32
2017 66
2018 10
2020 35
2021 40
2023 77
2024 93
2025 21
2026 49
2027 26
2028 75
2029 82
2030 14
2031 100
2032 86
2033 71
2035 94
2036 33
2038 80
2040 82
2041 76
2043 73
2044 80
2045 57
2046 98
2047 73
2048 54
2049 62
2050 83
2051 -1
2052 43
2053 79
2054 94
2055 70
2056 32
2057 70
2059 11
2060 99
2061 95
2062 87
2063 47
2064 21
2067 46
2068 19
2069 70
2070 66
2071 97
2072 71
2073 78
2074 34
2075 52
2076 29
2077 72
2078 44
2079 30
2081 37
2082 84
2083 41
2084 44
2085 97
2086 40
2088 30
2089 50
