3001 36
3002 26
3003 63
3004 31
3007 74
3008 36
3009 97
3010 16
3011 43
3012 31
3013 60
3014 89
3015 83
3016 88
3017 57
3018 86
3019 61
3020 31
3021 59
3022 92
3023 15
3024 56
3025 18
3026 72
3027 75
3028 66
3030 33
3031 79
3032 17
3033 13
3034 27
3035 80
3036 89
3038 26
3039 47
3040 85
3041 91
3042 81
3043 100
3044 40
3046 56
3047 65
3048 47
3049 89
3051 67
3053 49
3054 68
3056 70
3057 86
3058 53
3059 25
3060 88
3061 68
3062 82
3063 13
3064 45
3065 49
3066 45
3067 86
3068 46
3069 61
3070 55
3071 83
3073 59
3074 25
3075 59
3076 83
3077 92
3078 67
