3001 10
3002 94
3003 99
3004 17
3005 36
3006 52
3007 42
3008 36
3009 78
3010 23
3011 47
3012 76
3013 53
3014 51
3016 51
3017 28
3018 47
3019 61
3020 23
3021 34
3022 43
3023 34
3024 93
3025 42
3026 17
3028 60
3029 64
3030 43
3031 92
3032 63
3033 13
3034 34
3035 96
3036 38
3037 29
3038 25
3039 93
3040 71
3041 71
3042 31
3043 43
3044 84
3045 52
3046 98
3049 34
3050 21
3053 36
3055 60
3056 25
3057 43
3058 32
3059 25
3060 17
3061 50
3062 74
3063 53
3064 100
3065 97
3066 65
3067 40
3068 49
3069 90
3070 49
3071 37
3072 75
3074 -1
3075 29
3076 44
3077 78
3078 50
3079 85
3080 86
