4001 21
4002 33
4003 51
4004 70
4005 10
4006 99
4007 74
4009 88
4010 45
4011 39
4013 13
4014 73
4015 93
4016 97
4017 33
4018 31
4019 63
4020 25
4021 52
4022 53
4023 44
4024 49
4025 89
4026 19
4028 66
4029 97
4030 40
4031 58
4032 77
4034 22
4035 73
4037 75
4038 73
4039 100
4040 41
4041 85
4042 39
4043 64
4044 100
4045 53
4046 22
4047 91
4049 17
4050 55
4051 67
4052 66
4053 22
4055 28
4056 73
4057 10
4058 96
4059 53
4060 100
4061 33
4063 91
4064 56
4065 83
4066 64
4067 84
4068 73
4069 49
4070 44
4071 80
4072 95
4073 59
4074 74
4075 53
4076 61
4077 92
4078 23
4079 97
4080 51
4081 65
4082 88
4083 82
4084 70
4085 29
4086 69
4087 85
4088 31
4091 62
4092 20
4093 94
4094 59
4095 15
4096 33
4097 47
4098 50
4099 87
