1001 55
1002 46
1003 88
1004 47
1005 62
1006 54
1007 81
1008 92
1009 97
1010 39
1011 55
1012 -1
1014 50
1015 89
1016 69
1017 67
1018 18
1019 62
1020 42
1021 20
1022 59
1023 83
1024 93
1025 61
1026 39
1027 24
1028 76
1029 90
1030 91
1031 69
1032 31
1033 68
1034 53
1036 93
1037 48
1038 22
1039 12
1040 27
1041 73
1043 42
1044 85
1045 20
1046 35
1047 46
1048 26
1049 27
1050 68
1051 16
1052 45
1054 77
1055 90
1056 13
1057 70
1058 39
1059 11
1060 78
1061 79
1062 38
1063 90
1064 24
1065 81
1066 99
1067 40
1068 63
1069 45
1070 78
1071 87
1072 51
1073 100
1074 63
1075 20
1076 59
1077 19
1078 20
1079 99
1080 76
1081 84
1082 29
1083 85
1085 84
1087 82
1088 23
1089 43
1090 73
1091 46
1092 71
1093 23
1095 23
1096 12
1097 57
