3001 65
3002 47
3003 93
3004 74
3005 81
3006 50
3007 -1
3008 97
3009 -1
3010 76
3011 85
3012 37
3013 30
3014 38
3015 12
3016 15
3017 21
3018 88
3019 59
3020 54
3021 19
3022 11
3023 21
3025 38
3026 83
3027 89
3028 62
3029 56
3030 83
3031 48
3032 53
3033 85
3034 65
3035 23
3037 91
3038 43
3040 20
3041 10
3042 20
3043 76
3044 46
3045 100
3046 20
3047 48
3048 24
3049 52
3050 78
3051 17
3052 100
3053 29
3054 45
3056 95
3057 28
3060 33
3061 19
3062 83
3064 28
3065 23
3066 37
3067 95
3068 38
3069 68
3070 76
3071 58
3072 49
3073 56
3074 82
3075 16
3076 48
3077 46
3078 70
3079 87
3080 54
3081 61
3082 99
3083 21
3084 33
3085 59
3086 65
3087 94
3088 85
3090 72
3091 25
3092 43
3093 54
3094 86
3095 30
3096 63
