2001 34
2002 62
2003 91
2004 82
2005 60
2006 53
2007 56
2008 88
2009 19
2010 48
2012 40
2013 47
2014 85
2015 79
2016 98
2017 16
2018 97
2019 80
2020 33
2021 69
2022 82
2023 74
2024 52
2025 22
2026 90
2027 27
2028 27
2029 44
2030 41
2031 50
2032 18
2033 18
2034 79
2035 68
2036 21
2037 23
2038 48
2039 38
2040 31
2041 51
2042 60
2043 33
2044 92
2045 85
2048 99
2049 60
2050 88
2052 26
2053 89
2054 46
2057 76
2058 20
2059 -1
2060 98
2061 42
2062 11
2063 47
2065 21
2066 27
2069 69
2071 23
2073 92
2074 26
2075 52
2076 99
2077 26
2078 51
2079 26
2080 60
2081 47
2082 94
2083 50
2084 79
2085 87
2086 75
2087 48
2088 90
2090 86
2091 44
2092 99
2093 79
2094 82
