4001 53
4002 52
4003 74
4004 14
4005 96
4006 23
4007 29
4009 92
4011 22
4012 24
4013 94
4014 94
4015 10
4016 96
4017 74
4019 86
4020 90
4021 49
4022 73
4023 47
4024 60
4025 100
4026 16
4027 63
4028 68
4029 68
4031 50
4032 41
4033 29
4034 28
4035 47
4036 44
4037 46
4038 34
4039 85
4040 44
4041 11
4042 19
4043 75
4044 62
4045 48
4046 51
4047 44
4048 63
4049 30
4050 100
4051 34
4052 37
4053 14
4054 77
4055 20
4056 99
4057 83
4058 72
4059 53
4060 86
4061 37
4063 16
4064 12
4065 16
4066 44
4067 62
4068 14
4069 25
4070 93
4071 90
4073 76
4074 13
4075 62
4076 52
4077 67
4078 23
4079 46
4080 15
4081 29
4082 19
4084 27
4085 96
4086 49
4087 25
4088 87
