3001 62
3002 30
3003 16
3004 44
3005 17
3006 45
3008 15
3010 88
3012 65
3013 71
3014 63
3015 64
3016 12
3017 76
3018 17
3019 39
3021 38
3022 27
3023 26
3024 71
3025 55
3026 97
3027 91
3028 36
3029 62
3030 66
3032 40
3033 56
3034 67
3035 85
3036 89
3037 74
3038 24
3039 88
3040 68
3041 50
3042 36
3043 15
3044 48
3045 47
3046 73
3047 42
3048 26
3049 23
3050 99
3051 74
3052 80
3053 16
3054 18
3057 67
3058 98
3059 21
3060 17
3061 51
3062 16
3063 42
3065 81
3066 12
3067 13
3068 100
3069 64
3070 50
3071 56
3072 72
3073 42
3074 79
3075 33
3076 71
3077 82
3078 10
3079 36
3080 37
3081 49
3082 13
3083 98
3084 93
3085 20
3086 87
3087 96
3088 -1
3089 70
3090 89
3091 97
3092 11
3095 97
3096 11
