4001 93
4002 84
4003 38
4004 99
4005 62
4006 36
4007 16
4008 81
4009 -1
4010 69
4011 80
4012 94
4013 61
4014 85
4015 66
4016 97
4017 94
4018 23
4019 84
4020 26
4021 56
4022 45
4023 12
4024 55
4025 49
4026 71
4027 24
4028 91
4029 86
4030 100
4031 42
4032 94
4033 99
4034 22
4035 60
4036 50
4038 95
4039 87
4040 76
4041 15
4042 53
4043 63
4044 90
4046 84
4047 13
4048 69
4049 17
4050 54
4051 23
4052 43
4053 58
4054 94
4055 10
4056 81
4058 75
4059 25
4060 28
4061 85
4062 86
4063 83
4064 96
4066 69
4067 91
4068 43
4069 22
4070 43
4071 -1
4073 53
4074 51
4075 30
4076 93
4077 52
4078 85
4079 49
4080 23
4081 86
4082 82
4083 60
4084 100
