2001 88
2002 56
2003 66
2005 82
2006 93
2007 79
2008 10
2009 23
2010 20
2011 19
2012 31
2013 43
2014 14
2016 12
2017 18
2018 65
2019 56
2020 89
2021 23
2023 10
2024 86
2025 91
2026 86
2027 25
2028 78
2029 72
2030 38
2031 18
2032 61
2033 96
2034 60
2036 49
2037 87
2038 75
2039 11
2040 60
2041 79
2042 38
2043 59
2044 11
2045 18
2046 38
2047 51
2048 43
2049 -1
2051 43
2052 12
2053 33
2054 18
2055 73
2056 20
2057 82
2058 -1
2059 81
2060 80
2061 20
2062 -1
2063 84
2064 85
2065 12
2066 52
2067 20
2068 54
2069 74
2070 -1
2072 59
2073 74
2074 77
2075 78
2076 39
2078 84
2079 -1
2080 98
2081 41
2082 58
2083 64
2084 55
2085 67
2086 17
2087 37
2088 14
2091 47
2092 33
2093 12
2094 37
