2001 46
2002 84
2003 94
2004 22
2005 98
2006 61
2007 77
2008 75
2009 30
2010 57
2011 72
2012 77
2013 38
2015 56
2016 60
2017 30
2018 42
2019 -1
2020 52
2021 69
2022 60
2023 30
2024 69
2025 88
2026 -1
2027 13
2028 39
2029 17
2030 95
2031 93
2032 89
2033 25
2034 91
2035 46
2036 64
2037 32
2038 97
2039 50
2040 85
2041 66
2042 95
2043 61
2045 41
2046 72
2047 56
2048 44
2049 37
2050 51
2051 18
2052 90
2053 83
2054 37
2055 40
2056 44
2057 68
2058 30
2060 89
2061 96
2062 51
2063 100
2064 16
2065 98
2067 73
2068 67
2069 30
2071 93
2072 31
2073 33
2074 68
2075 90
2076 72
2077 44
2080 38
2081 50
2082 38
2083 62
2084 26
2085 74
2086 25
2087 69
2088 87
2089 25
2090 27
2091 30
2092 69
2093 65
2094 47
2095 58
2096 68
2097 73
2098 45
2099 93
2100 100
