1001 41
1002 46
1003 45
1004 73
1005 89
1006 57
1007 93
1008 69
1009 96
1011 62
1012 66
1013 25
1014 91
1015 97
1016 66
1017 73
1018 36
1019 38
1020 89
1021 53
1022 -1
1023 17
1024 60
1025 96
1027 62
1028 56
1030 13
1031 16
1033 92
1034 93
1035 26
1036 21
1037 91
1038 77
1039 12
1040 74
1041 17
1042 13
1043 46
1044 13
1045 63
1046 21
1047 72
1048 48
1050 60
1051 80
1052 40
1054 67
1055 27
1056 80
1058 47
1059 -1
1060 62
1061 32
1062 47
1063 72
1064 32
1065 45
1066 29
1067 94
1068 29
1069 77
1070 19
1071 41
1072 81
1073 45
1075 15
1076 55
1077 85
1078 92
1079 64
1080 34
1081 60
1082 62
