4001 62
4003 50
4004 44
4005 92
4006 15
4008 43
4009 13
4010 48
4012 38
4013 84
4014 19
4015 89
4016 38
4017 33
4018 56
4019 97
4020 83
4021 95
4022 12
4024 22
4025 62
4026 66
4027 86
4028 94
4029 49
4030 74
4032 89
4033 70
4034 59
4035 39
4037 53
4038 77
4039 50
4040 82
4041 17
4042 31
4043 19
4044 39
4045 36
4047 80
4048 99
4049 50
4051 44
4052 15
4053 23
4054 66
4056 51
4057 89
4058 33
4059 20
4061 72
4062 25
4063 41
4064 87
4065 60
4066 56
4067 13
4068 90
4069 69
4070 54
4072 14
4073 74
4074 35
4075 12
4076 30
4077 12
4078 13
4079 18
4080 22
4081 76
4082 35
4083 86
4084 77
4085 20
4086 71
4087 16
4088 54
