1001 32
1002 38
1003 97
1004 65
1006 47
1007 48
1009 39
1010 57
1011 63
1012 15
1013 34
1015 -1
1016 68
1017 22
1018 19
1019 37
1020 13
1021 67
1022 79
1023 39
1024 74
1025 42
1026 39
1027 45
1028 69
1029 76
1030 34
1032 99
1033 99
1034 66
1035 97
1036 37
1037 78
1038 56
1039 81
1040 62
1041 84
1042 62
1043 58
1044 29
1045 87
1046 53
1047 21
1048 29
1049 99
1050 89
1051 61
1052 94
1053 10
1054 100
1055 73
1056 45
1057 24
1058 37
1059 90
1060 87
1062 73
1063 74
1064 33
1065 35
1066 84
1067 63
1069 76
1070 62
1071 40
1072 60
1073 32
1074 92
1075 58
1076 79
1077 21
1078 22
1081 69
1082 64
1083 75
1084 61
1085 34
1086 81
1087 26
1088 37
1089 47
1090 64
1091 53
1093 62
1094 86
1095 97
1096 13
1097 98
