1001 58
1002 68
1003 91
1004 90
1005 87
1006 53
1007 47
1008 60
1009 66
1010 12
1011 25
1012 10
1013 33
1014 40
1015 66
1016 44
1017 -1
1018 55
1019 72
1021 92
1022 97
1023 70
1024 13
1025 39
1026 17
1027 30
1028 82
1029 23
1030 50
1031 56
1032 92
1033 74
1034 21
1035 40
1036 37
1037 74
1038 81
1039 60
1040 53
1041 28
1042 51
1043 92
1044 87
1045 17
1046 96
1047 -1
1048 50
1049 67
1050 53
1051 20
1052 47
1053 13
1054 21
1055 64
1056 79
1057 48
1058 12
1059 14
1060 31
1061 34
1062 16
1063 51
1064 39
1065 98
1066 -1
1067 61
1068 96
1070 42
1072 92
1073 49
1074 39
1075 59
1077 23
1078 79
1080 100
1081 100
1082 57
1083 21
1084 53
1085 88
1086 73
1087 29
1088 13
1089 38
1090 88
1091 57
1092 94
1094 18
1095 40
1096 66
1097 26
