2002 28
2003 16
2004 10
2005 20
2006 84
2007 72
2008 70
2009 60
2010 39
2011 11
2013 65
2014 95
2015 -1
2016 -1
2017 74
2018 50
2019 33
2020 17
2021 55
2022 81
2023 28
2024 80
2025 89
2026 18
2027 80
2029 40
2030 93
2031 98
2032 11
2034 89
2035 94
2036 37
2037 23
2038 37
2039 21
2040 35
2041 -1
2042 70
2043 51
2044 58
2045 91
2046 84
2048 22
2049 98
2050 58
2051 56
2052 93
2053 79
2054 28
2055 61
2056 75
2058 39
2059 42
2060 74
2061 54
2062 34
2064 79
2065 22
2066 63
2067 42
2068 35
2069 12
2070 18
2071 63
2072 97
2073 46
2074 31
2075 73
2076 65
2077 84
2078 89
2079 20
2080 97
2081 34
2082 84
2083 25
2084 62
2085 61
2086 46
2087 62
2088 14
2089 18
2090 39
2091 16
2092 21
2093 29
2094 60
2095 94
2096 -1
2097 48
2098 89
2099 51
