3001 86
3002 41
3003 56
3004 11
3006 67
3007 62
3008 17
3009 72
3011 89
3013 22
3014 73
3015 56
3016 50
3017 98
3018 73
3019 94
3020 34
3021 39
3022 33
3023 51
3025 99
3027 70
3028 31
3029 21
3030 79
3031 -1
3032 65
3033 65
3034 57
3035 49
3036 97
3037 11
3038 64
3040 93
3041 -1
3042 81
3043 87
3044 29
3046 82
3047 68
3048 89
3049 23
3050 93
3051 26
3052 37
3053 16
3054 56
3055 45
3056 83
3057 27
3058 72
3059 60
3062 74
3063 76
3064 49
3065 61
3067 62
3068 21
3069 30
3071 61
3073 -1
3074 82
3075 67
3076 58
3077 65
3078 82
3079 79
3080 49
3081 51
3082 11
3083 67
3085 57
3086 99
3087 15
3088 44
3089 53
3090 53
3091 41
3092 66
