1001 56
1002 64
1003 100
1004 48
1005 30
1006 78
1007 32
1008 56
1009 76
1010 19
1011 15
1012 88
1013 10
1014 75
1015 84
1016 56
1017 90
1018 100
1019 33
1020 32
1021 74
1022 -1
1024 26
1025 14
1027 49
1028 46
1029 69
1030 89
1031 65
1032 36
1033 37
1034 11
1035 86
1036 38
1037 75
1038 41
1039 83
1040 21
1041 84
1042 14
1043 68
1044 18
1046 75
1048 47
1049 81
1051 33
1052 90
1054 46
1055 77
1056 50
1058 55
1060 99
1061 14
1062 56
1063 65
1064 69
1065 44
1066 76
1067 80
1068 60
1069 37
1070 31
1071 18
1072 30
1074 40
1075 74
1076 27
1077 32
1078 61
1079 50
1080 -1
1081 19
1082 43
