3001 90
3002 85
3003 78
3004 66
3005 62
3006 95
3008 54
3009 88
3010 89
3011 37
3012 91
3013 38
3014 36
3015 83
3016 47
3017 91
3018 62
3019 71
3020 38
3021 85
3022 15
3023 15
3024 10
3025 11
3027 29
3028 32
3029 99
3030 93
3031 69
3032 41
3033 57
3034 27
3035 92
3037 21
3038 13
3039 12
3040 86
3041 23
3043 68
3044 42
3045 45
3046 53
3047 96
3048 95
3049 78
3050 40
3051 65
3052 78
3053 27
3054 37
3055 13
3056 11
3058 52
3059 31
3060 34
3061 52
3062 40
3063 56
3064 97
3066 54
3067 27
3068 39
3069 33
3070 12
3072 18
3074 12
3076 17
3077 30
3078 62
3079 88
3080 93
3081 -1
3082 92
3083 15
3084 29
3085 99
3086 83
3087 26
3088 80
3089 69
3090 43
3091 96
3092 28
3093 39
3095 83
3096 27
