1001 97
1002 25
1006 23
1007 21
1009 53
1010 77
1012 73
1013 16
1014 80
1015 99
1016 -1
1017 61
1018 91
1019 85
1020 35
1021 92
1022 35
1023 96
1024 96
1025 97
1027 97
1028 83
1029 56
1030 86
1031 42
1032 23
1034 31
1035 44
1036 87
1037 76
1038 98
1039 20
1040 64
1041 84
1042 45
1044 53
1045 26
1046 34
1047 55
1048 40
1049 60
1050 76
1051 79
1052 41
1053 90
1054 60
1055 -1
1056 94
1057 25
1058 13
1059 62
1060 76
1061 77
1063 26
1064 57
1066 72
1067 32
1068 47
1069 84
1070 93
1071 10
1072 97
1073 46
1074 69
1075 48
1076 89
1077 34
1079 100
1080 98
1081 21
1082 -1
1083 28
1084 22
1085 15
1086 61
1087 97
1088 11
1089 28
1090 94
1091 86
1092 58
1093 42
1094 34
1095 83
1096 27
1097 70
