4001 96
4003 24
4004 46
4005 69
4007 46
4008 33
4011 48
4012 14
4013 39
4014 39
4015 52
4017 18
4018 68
4019 43
4020 42
4021 30
4022 92
4023 54
4024 31
4025 19
4026 71
4027 22
4028 84
4029 11
4030 30
4031 19
4032 100
4033 59
4034 68
4035 68
4036 44
4037 99
4038 92
4039 91
4040 56
4041 84
4043 33
4044 63
4045 41
4046 73
4047 40
4048 66
4049 82
4050 34
4051 18
4052 25
4053 68
4054 41
4055 69
4056 19
4057 24
4058 81
4059 70
4060 19
4061 -1
4062 71
4063 54
4064 39
4065 17
4066 16
4067 83
4068 71
4069 62
4070 65
4071 37
4073 32
4074 32
4075 43
4076 32
4077 58
4078 69
4080 55
4081 93
4082 32
4083 92
4084 74
