2001 57
2002 97
2003 18
2004 51
2005 73
2006 31
2007 43
2008 83
2010 53
2012 70
2014 95
2015 74
2016 92
2017 13
2018 10
2021 99
2022 22
2023 66
2024 43
2025 50
2026 37
2027 78
2028 91
2029 100
2031 87
2033 19
2034 22
2036 34
2037 61
2038 30
2039 59
2040 87
2041 39
2042 49
2043 96
2044 69
2045 82
2046 37
2047 62
2048 71
2049 11
2050 89
2051 32
2052 22
2053 53
2054 69
2055 45
2056 92
2057 22
2058 89
2059 86
2060 56
2061 51
2062 47
2063 29
2064 14
2065 22
2066 44
2067 32
2069 79
2070 83
2072 12
2074 46
2075 84
2076 100
2077 93
2078 65
2079 43
2080 19
2081 67
2082 100
2083 55
2084 82
2085 99
2086 52
2087 33
2088 60
2090 81
2091 29
2092 43
2094 67
