2002 66
2004 37
2005 65
2007 41
2008 71
2009 48
2010 80
2011 30
2012 74
2013 47
2014 16
2015 11
2016 87
2017 58
2018 71
2020 41
2021 16
2022 20
2023 73
2024 89
2025 39
2026 48
2027 100
2028 74
2029 20
2030 90
2031 37
2032 13
2033 53
2034 28
2035 93
2036 28
2037 16
2038 77
2039 54
2040 96
2041 71
2042 92
2043 63
2044 98
2046 77
2047 26
2048 61
2049 30
2052 46
2053 26
2054 61
2055 24
2056 86
2057 82
2059 44
2060 55
2061 24
2062 89
2063 25
2064 57
2065 26
2066 81
2067 35
2068 23
2070 37
2071 60
2072 20
2073 76
2075 67
2076 89
2077 34
2078 52
2079 85
2080 26
2081 58
2082 65
2083 17
2084 72
2085 95
2086 70
2087 55
2088 99
2089 10
2090 30
2091 74
2092 -1
2093 23
2094 -1
