3001 17
3002 80
3003 48
3004 33
3005 67
3006 80
3007 34
3008 58
3009 80
3010 43
3011 36
3012 62
3013 85
3014 92
3015 53
3016 -1
3017 71
3018 89
3019 75
3020 66
3021 84
3022 25
3023 69
3024 12
3025 13
3026 11
3027 47
3028 89
3029 57
3030 18
3031 93
3032 36
3033 64
3034 45
3035 17
3037 92
3038 71
3039 91
3040 81
3041 62
3042 27
3043 71
3044 72
3045 80
3046 24
3047 86
3048 53
3049 55
3050 41
3051 90
3052 38
3053 14
3054 23
3055 26
3056 89
3057 75
3058 36
3059 79
3060 27
3061 77
3062 82
3063 54
3064 51
3065 51
3066 33
3067 31
3068 83
3069 56
3070 84
3071 21
3072 10
3073 40
3074 -1
3075 14
3076 89
3077 14
3078 66
3080 79
3081 96
3082 31
3083 59
3084 61
3085 34
3086 89
3088 34
3089 93
3090 20
3091 51
3092 15
3093 17
3094 29
3095 47
3096 23
