3001 93
3002 18
3003 47
3004 44
3005 85
3006 11
3008 40
3009 44
3010 17
3011 43
3012 59
3013 51
3014 40
3015 25
3016 35
3017 26
3018 10
3019 63
3020 -1
3021 61
3022 31
3023 23
3024 54
3026 67
3027 18
3028 97
3029 52
3031 39
3032 44
3033 70
3034 16
3035 -1
3036 57
3037 98
3038 94
3039 100
3040 45
3042 84
3043 83
3045 34
3046 41
3047 91
3048 26
3049 25
3050 17
3052 58
3053 16
3054 80
3055 72
3056 16
3057 71
3058 27
3059 24
3060 70
3061 44
3062 15
3064 100
3065 18
3066 43
3067 -1
3068 63
3069 -1
3070 77
3072 92
3073 36
3074 77
3075 37
3076 59
3077 79
3078 63
3079 68
3081 93
3082 57
3083 37
3084 82
3085 -1
3086 51
3087 40
3088 17
3089 53
3090 78
3091 90
3092 57
