3001 49
3002 97
3003 26
3005 53
3006 25
3007 76
3008 47
3009 98
3010 22
3011 98
3012 31
3013 95
3015 31
3016 49
3018 53
3019 44
3020 11
3022 87
3023 25
3024 18
3025 38
3026 86
3027 23
3028 95
3029 81
3030 28
3031 24
3032 79
3033 70
3034 71
3035 97
3036 87
3037 70
3038 98
3039 13
3040 90
3041 36
3042 33
3043 29
3044 53
3045 65
3046 61
3047 84
3048 58
3050 54
3051 42
3053 89
3054 50
3055 32
3056 77
3057 14
3058 79
3059 43
3060 65
3061 47
3062 17
3063 19
3064 34
3065 44
3066 51
3067 40
3068 77
3069 61
3070 65
3071 68
3073 73
3074 46
3075 67
3076 -1
3078 38
3079 94
3080 95
3081 75
3082 14
3084 22
3085 99
3086 46
3087 80
3088 67
3089 88
3090 91
3091 43
3092 71
3093 86
3094 75
3095 78
3096 60
