4001 97
4002 28
4004 30
4005 29
4006 44
4007 92
4008 85
4009 76
4010 56
4012 72
4013 18
4014 91
4015 48
4017 68
4018 -1
4019 96
4020 91
4023 -1
4024 49
4025 42
4026 64
4027 25
4028 72
4029 80
4030 52
4031 97
4032 85
4033 84
4034 10
4035 84
4036 96
4037 85
4038 81
4039 52
4040 83
4041 48
4042 97
4044 68
4045 63
4046 48
4047 85
4048 89
4049 11
4050 69
4051 58
4052 81
4053 98
4054 64
4055 95
4056 83
4057 95
4058 35
4059 49
4060 83
4061 33
4062 64
4063 32
4064 71
4065 -1
4067 16
4068 84
4069 67
4070 18
4071 12
4072 45
4073 55
4075 18
4077 38
4078 35
4079 78
4080 65
4081 100
4082 21
4083 -1
4084 32
