4001 52
4002 80
4003 16
4006 32
4007 73
4008 77
4010 95
4011 72
4012 47
4013 85
4014 52
4015 91
4016 64
4018 79
4019 19
4020 24
4021 17
4022 72
4023 78
4024 42
4025 66
4026 93
4027 55
4028 46
4029 66
4030 93
4031 100
4033 66
4034 32
4036 31
4037 60
4038 55
4040 66
4041 64
4043 39
4044 56
4045 54
4046 31
4047 55
4048 41
4049 82
4050 30
4051 26
4052 66
4054 36
4056 10
4057 74
4058 10
4059 40
4060 12
4061 17
4062 79
4063 72
4064 99
4065 56
4066 70
4067 23
4068 56
4069 50
4070 34
4071 51
4072 73
4073 71
4075 32
4076 88
4077 47
4078 20
4079 63
4080 29
4081 62
4082 80
4083 75
4085 58
4086 38
4087 77
4088 20
