3001 51
3002 28
3003 50
3004 63
3005 71
3006 67
3007 87
3008 50
3009 21
3010 66
3011 72
3012 63
3013 91
3014 42
3015 57
3016 56
3017 19
3019 84
3020 69
3021 10
3022 15
3023 28
3024 26
3025 59
3026 55
3027 59
3028 93
3029 58
3030 46
3031 43
3032 90
3033 94
3034 91
3035 24
3036 64
3037 70
3038 12
3039 68
3040 -1
3041 71
3042 26
3043 33
3045 95
3046 51
3047 11
3048 37
3049 44
3050 63
3051 41
3052 90
3053 80
3055 57
3056 79
3057 49
3058 40
3060 28
3061 79
3062 92
3063 -1
3064 -1
3065 47
3068 13
3069 93
3070 81
3071 -1
3072 29
3074 83
3075 11
3076 62
3077 85
3078 32
3079 23
3080 14
3081 24
3082 39
3083 53
3084 -1
3085 84
3086 35
3087 35
3088 85
3091 28
3092 12
