4001 77
4002 95
4003 57
4004 69
4005 99
4006 36
4007 16
4008 23
4009 60
4010 13
4011 44
4012 76
4014 73
4015 17
4016 80
4017 25
4018 19
4019 83
4020 86
4021 56
4022 64
4023 55
4024 34
4025 81
4026 19
4027 63
4028 63
4029 41
4030 75
4031 98
4032 27
4033 82
4034 41
4035 62
4036 48
4037 72
4038 30
4039 50
4040 82
4041 66
4042 25
4043 34
4044 33
4045 84
4046 62
4047 71
4048 37
4049 17
4050 72
4051 87
4053 44
4054 73
4056 67
4057 97
4058 99
4059 59
4060 27
4061 23
4062 68
4063 18
4065 27
4066 72
4067 28
4068 55
4069 36
4070 87
4072 -1
4073 20
4075 19
4076 17
4077 89
4078 19
4079 14
4080 84
4082 60
4083 99
