2001 96
2002 89
2003 89
2004 49
2005 61
2006 10
2007 91
2008 12
2009 68
2010 35
2011 71
2012 93
2013 41
2014 92
2015 56
2016 77
2017 55
2018 17
2019 36
2020 72
2021 79
2022 22
2023 29
2024 50
2025 80
2026 40
2027 70
2028 91
2029 58
2030 81
2031 52
2032 43
2033 97
2034 15
2035 30
2036 77
2037 55
2038 87
2039 49
2040 39
2041 70
2043 76
2044 27
2045 49
2046 47
2047 46
2048 54
2049 34
2051 11
2052 84
2053 21
2055 35
2057 35
2058 47
2059 61
2060 -1
2061 59
2062 19
2063 63
2064 55
2065 43
2067 36
2068 52
2069 95
2070 72
2071 44
2072 47
2073 79
2074 46
2075 82
2076 50
2077 69
2078 -1
2079 84
2080 30
2081 24
2082 52
2083 10
2084 31
2085 55
2086 75
2087 19
2088 97
2090 42
2091 66
2092 59
2093 83
2094 47
