4001 55
4002 31
4004 92
4005 39
4007 58
4008 13
4009 99
4010 58
4011 79
4012 89
4013 75
4014 85
4015 48
4017 21
4018 70
4019 24
4020 35
4021 18
4022 84
4024 79
4025 72
4026 93
4027 22
4028 81
4029 25
4030 18
4031 29
4032 49
4033 76
4036 74
4037 97
4038 49
4039 96
4040 61
4041 93
4043 -1
4044 56
4045 64
4046 95
4048 96
4049 15
4050 40
4051 89
4052 38
4053 -1
4054 34
4055 72
4056 15
4057 72
4058 30
4059 69
4060 11
4061 44
4062 76
4063 76
4064 12
4065 23
4066 100
4067 59
4068 88
4069 48
4070 49
4071 86
4073 58
4074 12
4075 65
4076 62
4077 72
4078 14
4079 44
4080 64
4081 68
4082 39
4083 40
4084 100
