1001 14
1002 68
1003 44
1004 95
1006 81
1007 53
1008 75
1009 92
1010 82
1012 49
1013 91
1014 63
1015 17
1016 25
1017 94
1018 88
1019 66
1020 24
1021 40
1022 98
1023 39
1024 74
1025 57
1026 84
1027 76
1029 71
1030 39
1031 49
1032 69
1033 74
1034 12
1035 31
1036 43
1037 94
1038 93
1039 39
1040 13
1041 50
1042 71
1043 47
1045 29
1046 78
1047 43
1048 96
1049 45
1050 55
1051 86
1052 51
1053 19
1054 18
1055 97
1056 17
1057 57
1058 73
1059 -1
1060 71
1061 45
1062 77
1063 74
1064 98
1065 40
1066 41
1067 60
1068 36
1069 80
1071 100
1073 33
1074 48
1075 57
1076 49
1077 76
1078 43
1079 31
1080 100
1081 93
1082 100
