2001 79
2002 67
2003 99
2004 19
2005 62
2006 18
2007 76
2008 32
2009 11
2010 54
2011 67
2012 88
2013 47
2014 26
2015 97
2016 84
2017 12
2018 69
2019 99
2020 42
2021 -1
2025 86
2026 65
2027 92
2028 54
2029 -1
2030 22
2031 79
2032 72
2033 65
2034 27
2035 33
2036 50
2037 88
2038 22
2040 33
2041 79
2042 95
2043 77
2044 11
2045 31
2046 73
2047 46
2048 31
2049 72
2050 25
2051 72
2052 61
2053 11
2054 24
2055 28
2056 91
2057 90
2058 100
2059 76
2060 35
2061 45
2062 83
2063 46
2064 67
2065 19
2066 40
2067 44
2068 57
2069 69
2070 81
2072 66
2073 79
2074 51
2075 52
2076 13
2078 57
2079 15
2080 41
2081 19
2082 73
2083 56
2084 26
2085 26
2086 25
2087 62
2088 28
2089 10
2090 73
2092 48
2093 74
2094 41
