2001 51
2002 44
2003 18
2004 36
2005 61
2006 68
2007 -1
2008 89
2009 35
2010 75
2011 23
2013 91
2014 78
2015 29
2016 76
2017 52
2018 73
2019 49
2020 10
2021 92
2023 77
2024 27
2025 19
2026 63
2029 26
2030 94
2031 19
2033 69
2034 36
2035 36
2036 26
2037 10
2038 11
2039 34
2040 88
2041 48
2042 70
2043 45
2044 66
2047 88
2048 69
2049 55
2050 65
2051 57
2052 38
2053 19
2054 34
2055 78
2056 99
2057 63
2059 66
2060 64
2062 42
2063 80
2064 38
2065 89
2066 19
2067 68
2068 72
2069 24
2070 20
2071 91
2072 22
2073 62
2074 49
2075 31
2076 28
2077 100
2079 35
2080 64
2081 82
2082 26
2083 42
2084 39
2085 60
2086 31
2087 75
2088 61
2089 13
2090 93
2091 52
2092 85
2093 66
2094 50
