4001 92
4003 44
4004 90
4005 74
4006 81
4007 78
4008 66
4009 59
4010 39
4011 80
4012 12
4013 56
4015 83
4016 62
4017 62
4018 11
4019 55
4020 54
4021 43
4022 21
4023 74
4024 39
4025 68
4026 36
4027 65
4029 69
4030 81
4032 95
4033 44
4034 78
4035 75
4036 19
4037 51
4039 51
4040 96
4041 61
4042 75
4044 87
4045 88
4046 73
4048 17
4049 56
4051 72
4052 42
4053 40
4054 17
4055 58
4056 23
4058 87
4059 97
4060 36
4061 71
4062 73
4063 30
4064 40
4065 66
4066 18
4067 41
4068 44
4069 76
4070 33
4071 36
4072 89
4073 20
4074 54
4075 52
4076 28
4077 20
4078 76
4079 10
4080 70
4081 12
4082 80
4083 99
4084 40
