1001 14
1002 47
1003 82
1004 31
1005 48
1006 19
1007 63
1009 89
1010 30
1011 59
1012 94
1013 20
1014 31
1015 49
1016 93
1017 60
1018 87
1019 59
1020 21
1021 92
1023 68
1025 60
1026 39
1027 79
1028 19
1029 68
1030 60
1031 83
1032 84
1033 92
1034 84
1035 36
1036 34
1037 49
1038 85
1039 20
1040 83
1041 100
1043 74
1044 76
1045 60
1047 28
1048 23
1049 23
1051 42
1052 75
1054 37
1055 66
1056 90
1057 65
1058 71
1059 100
1060 34
1061 90
1062 35
1063 23
1064 45
1065 35
1066 23
1067 61
1068 22
1069 52
1070 14
1071 19
1073 50
1074 39
1075 -1
1077 27
1079 63
1080 27
1081 25
1082 65
1083 56
1084 57
1085 81
1086 41
1088 14
1089 16
1091 73
1092 57
1093 69
1094 33
1096 64
1097 47
