3001 70
3002 11
3003 98
3004 29
3005 87
3006 61
3007 87
3008 60
3009 82
3010 24
3011 84
3012 11
3013 75
3014 96
3015 65
3016 37
3017 96
3018 59
3019 19
3021 12
3022 85
3023 48
3025 17
3026 77
3027 81
3029 10
3030 54
3031 82
3032 43
3033 74
3035 90
3036 100
3037 60
3038 43
3039 52
3040 31
3041 86
3043 75
3044 84
3045 16
3046 48
3047 89
3048 26
3051 97
3052 96
3053 92
3054 91
3055 83
3056 99
3057 57
3058 89
3059 48
3060 52
3061 35
3062 57
3063 78
3064 92
3065 54
3066 24
3067 46
3068 99
3069 49
3070 36
3072 55
3073 95
3074 18
3075 67
3077 29
3078 49
3079 73
3080 50
3084 91
3085 14
3087 88
3088 42
3090 41
3091 77
3092 84
3093 55
3094 62
3095 30
3096 99
