2002 -1
2003 16
2004 45
2005 54
2006 66
2007 11
2008 26
2009 24
2010 16
2011 -1
2012 93
2013 33
2014 87
2015 14
2017 31
2018 41
2019 42
2020 28
2021 70
2022 78
2023 15
2024 29
2025 63
2026 36
2027 24
2028 31
2029 38
2030 61
2031 28
2032 51
2033 30
2034 57
2035 29
2036 69
2037 74
2038 52
2039 38
2040 91
2041 36
2042 23
2043 100
2044 15
2045 53
2046 78
2047 90
2048 19
2049 59
2050 21
2052 29
2053 67
2055 67
2056 97
2057 53
2059 48
2060 64
2061 52
2062 18
2063 24
2064 17
2065 19
2066 43
2067 100
2068 98
2069 25
2070 82
2073 33
2074 37
2075 40
2076 16
2077 96
2078 36
2079 57
2080 11
2081 12
2082 55
2083 96
2084 64
2085 69
2086 68
2087 99
2088 99
2089 -1
2090 99
2091 91
2092 31
2093 61
2094 76
