3001 82
3002 52
3004 67
3005 37
3006 62
3008 62
3009 90
3013 83
3014 91
3015 19
3016 48
3017 80
3018 30
3019 54
3020 27
3021 89
3022 85
3023 66
3024 75
3025 25
3026 32
3027 49
3028 55
3029 93
3030 24
3031 48
3032 49
3034 67
3035 16
3036 35
3037 64
3038 94
3040 98
3041 70
3042 26
3043 63
3044 13
3046 52
3047 63
3048 99
3049 87
3051 51
3052 25
3053 34
3054 27
3055 15
3056 32
3058 79
3059 99
3060 20
3061 29
3062 56
3063 66
3064 87
3065 35
3066 70
3067 33
3068 28
3069 53
3070 66
3072 24
3073 49
3074 79
3076 22
3077 95
3078 54
3080 77
3081 31
3082 95
3083 95
3084 52
3085 60
3086 33
3087 81
3088 70
3089 83
3090 52
3091 53
3092 79
