1002 83
1003 18
1004 43
1005 67
1006 19
1007 19
1008 44
1009 45
1010 92
1011 16
1012 27
1013 58
1014 84
1015 -1
1016 87
1017 80
1018 86
1020 22
1021 24
1022 36
1023 92
1025 76
1026 12
1027 31
1028 63
1029 44
1030 30
1031 10
1032 87
1034 81
1035 32
1036 64
1037 85
1038 70
1039 43
1040 31
1041 75
1042 32
1043 59
1044 42
1045 68
1046 70
1047 33
1048 54
1049 86
1051 13
1053 22
1054 27
1055 52
1056 35
1057 72
1058 88
1059 27
1060 60
1062 61
1063 70
1064 95
1065 32
1066 94
1067 11
1069 17
1071 70
1072 -1
1073 46
1074 29
1075 23
1076 78
1077 87
1078 24
1079 10
1080 -1
1081 45
1082 65
1083 79
1084 85
1085 66
1086 27
1087 43
1088 33
1089 44
1090 90
1091 52
1092 16
1093 53
1094 81
1095 61
1096 23
1097 35
