4001 23
4002 92
4003 83
4004 64
4005 92
4006 66
4007 60
4008 96
4010 58
4011 25
4012 98
4013 92
4014 94
4015 72
4016 82
4017 48
4019 14
4020 63
4021 39
4022 17
4023 98
4024 89
4025 30
4026 40
4027 27
4028 37
4029 100
4030 89
4031 57
4032 25
4033 88
4034 37
4035 22
4037 94
4038 20
4039 51
4040 100
4041 13
4042 18
4043 30
4044 74
4045 61
4046 52
4048 75
4049 57
4050 86
4051 87
4052 75
4053 55
4054 34
4055 85
4057 37
4058 83
4059 54
4060 83
4061 99
4062 78
4063 53
4064 58
4065 69
4066 79
4067 36
4068 -1
4069 79
4070 27
4071 84
4072 14
4073 30
4074 92
4075 65
4076 69
4077 27
4078 27
4079 44
4080 36
4081 83
4082 21
4083 57
4084 12
