1001 42
1002 61
1003 36
1004 89
1005 36
1006 48
1007 43
1008 46
1009 40
1011 10
1012 25
1013 -1
1014 64
1015 41
1016 57
1017 62
1018 71
1019 36
1020 18
1021 93
1022 13
1023 22
1024 67
1025 24
1026 39
1027 55
1028 15
1029 88
1030 11
1031 18
1032 56
1033 59
1034 -1
1035 26
1036 41
1037 98
1038 21
1039 47
1040 89
1041 25
1042 48
1043 75
1044 75
1045 79
1046 -1
1047 90
1048 49
1049 60
1050 39
1051 77
1052 16
1053 61
1054 74
1055 99
1056 80
1057 38
1058 66
1060 82
1061 48
1062 50
1063 21
1064 72
1067 60
1068 68
1069 11
1070 95
1071 21
1072 10
1073 42
1074 20
1075 79
1076 92
1077 79
1078 12
1079 52
1080 77
1081 44
1082 79
1083 40
1084 48
1085 38
1086 78
1087 88
1088 66
1089 14
1090 42
1092 13
1094 85
1095 25
1096 63
1097 64
