2002 56
2003 32
2005 32
2006 69
2008 60
2010 23
2011 89
2012 46
2013 21
2014 41
2015 82
2016 11
2018 41
2019 68
2020 11
2021 28
2022 81
2023 96
2024 -1
2025 12
2026 63
2027 28
2028 61
2029 37
2031 24
2032 75
2034 17
2035 19
2036 52
2037 89
2038 66
2039 53
2040 60
2041 79
2042 30
2044 67
2045 65
2046 38
2047 23
2048 25
2049 17
2050 25
2053 62
2054 43
2055 73
2056 79
2057 33
2058 26
2059 26
2060 57
2061 61
2062 91
2063 -1
2064 49
2066 26
2067 74
2068 62
2069 99
2070 17
2071 100
2072 72
2073 26
2074 -1
2075 41
2076 81
2077 93
2078 74
2079 76
2080 29
2082 27
2083 67
2084 36
2085 55
2086 68
2088 36
2089 71
