3001 38
3002 62
3003 91
3004 86
3005 52
3006 18
3007 63
3008 91
3009 18
3010 91
3011 86
3013 89
3014 71
3015 83
3016 93
3017 79
3018 64
3019 98
3020 39
3021 67
3022 54
3023 31
3024 14
3025 50
3026 99
3027 -1
3030 39
3031 100
3032 39
3033 19
3034 72
3035 80
3036 75
3037 36
3038 74
3039 63
3040 99
3041 13
3042 51
3043 40
3044 68
3045 70
3046 72
3048 69
3049 25
3051 94
3052 88
3053 90
3056 67
3057 60
3058 79
3059 91
3060 84
3061 25
3063 72
3064 49
3065 21
3066 40
3067 27
3068 63
3069 26
3070 76
3071 18
3073 35
3074 33
3075 36
3077 44
