3001 33
3002 84
3003 39
3004 97
3005 90
3006 82
3007 92
3008 89
3009 18
3010 10
3011 55
3012 32
3013 39
3014 34
3015 38
3016 31
3017 49
3018 50
3019 23
3021 69
3022 99
3023 20
3024 99
3025 56
3026 56
3027 23
3028 56
3029 57
3030 45
3031 45
3032 94
3033 13
3034 92
3035 80
3036 78
3037 -1
3038 91
3039 75
3040 21
3041 66
3043 44
3044 91
3045 30
3046 45
3047 18
3048 87
3049 -1
3050 85
3051 97
3052 99
3053 16
3054 24
3055 45
3056 71
3057 28
3058 13
3059 34
3060 81
3062 81
3063 56
3064 96
3065 85
3066 30
3067 67
3068 82
3069 -1
3070 37
3071 54
3072 33
3073 89
3074 100
3075 40
3076 82
3077 33
3078 69
3079 74
3080 68
