1001 92
1002 90
1003 94
1004 23
1005 66
1006 49
1007 37
1008 36
1009 84
1010 64
1011 13
1012 28
1013 75
1014 96
1015 53
1016 55
1017 44
1018 33
1019 89
1020 48
1021 98
1022 80
1023 39
1024 71
1025 68
1026 66
1027 97
1028 97
1029 94
1030 51
1031 64
1033 34
1034 91
1035 12
1036 43
1037 49
1038 50
1039 27
1040 -1
1041 96
1042 87
1043 26
1044 76
1045 64
1046 66
1047 22
1048 31
1049 59
1050 12
1051 63
1052 22
1053 31
1054 18
1055 76
1056 86
1057 19
1058 22
1059 86
1061 68
1062 100
1063 77
1064 52
1065 61
1066 43
1067 25
1068 57
1069 28
1070 91
1071 85
1072 44
1073 68
1074 83
1075 32
1078 31
1079 -1
1080 36
1082 50
1085 20
1086 40
1087 27
1088 84
1089 30
1090 29
1091 22
1092 68
1093 100
1094 95
1095 35
