1001 18
1002 45
1003 54
1004 16
1005 60
1006 10
1007 16
1008 99
1009 72
1010 73
1011 57
1012 46
1013 89
1014 21
1015 94
1016 87
1017 97
1018 40
1019 61
1020 77
1021 22
1022 28
1023 36
1024 24
1025 80
1026 76
1027 85
1028 100
1029 72
1031 93
1032 76
1033 12
1034 13
1035 16
1036 56
1037 71
1038 66
1039 54
1040 80
1042 10
1043 42
1044 49
1045 59
1046 47
1047 89
1048 11
1049 52
1050 11
1051 95
1052 80
1053 77
1054 20
1055 40
1056 42
1057 29
1058 45
1059 97
1060 82
1061 14
1062 55
1063 75
1065 59
1066 50
1067 10
1068 43
1069 91
1070 21
1071 100
1072 24
1073 93
1074 77
1075 81
1076 39
1077 77
1078 28
1079 26
1080 31
1081 76
1082 34
1083 58
1084 24
1086 96
1087 20
1088 53
1089 79
1090 42
1091 30
1092 46
1093 64
1094 22
1095 29
