4001 59
4003 25
4005 62
4006 15
4007 59
4008 33
4009 29
4010 83
4011 21
4012 32
4013 85
4014 79
4015 19
4016 22
4017 46
4018 88
4019 40
4020 42
4021 82
4022 83
4023 44
4024 52
4025 48
4026 31
4028 41
4029 97
4030 35
4031 63
4032 92
4033 83
4034 44
4035 -1
4036 32
4037 67
4038 73
4039 55
4040 79
4042 95
4043 56
4044 37
4045 82
4046 26
4047 48
4048 56
4049 91
4051 28
4052 35
4053 30
4055 32
4056 48
4058 21
4059 53
4060 78
4061 76
4062 67
4063 19
4064 29
4066 15
4067 42
4068 11
4069 -1
4070 59
4071 94
4072 99
4073 35
4074 20
4076 79
4077 48
4078 33
4079 72
4081 37
4082 62
4083 16
4084 63
4086 10
4087 76
4088 46
4089 61
4090 63
4091 20
4092 70
4094 18
4095 31
4096 73
4097 72
4098 44
4099 34
