2001 49
2002 46
2003 62
2004 21
2005 45
2006 13
2007 40
2009 49
2010 82
2011 69
2012 79
2013 76
2014 -1
2015 90
2016 45
2017 -1
2018 29
2019 64
2020 86
2021 47
2022 86
2024 95
2025 46
2026 75
2028 -1
2030 97
2031 26
2032 69
2033 49
2034 39
2035 59
2036 27
2037 55
2038 90
2039 33
2040 95
2041 57
2042 76
2043 92
2044 39
2045 26
2046 92
2047 64
2048 70
2049 44
2050 74
2051 27
2052 11
2053 87
2054 96
2055 66
2056 26
2057 36
2058 58
2060 73
2061 39
2062 43
2063 36
2064 25
2065 49
2066 37
2067 55
2069 59
2070 43
2071 95
2072 55
2073 60
2074 62
2075 12
2076 -1
2077 28
2078 50
2079 14
2080 91
2081 16
2083 58
2084 88
2085 96
2086 62
2087 83
2088 36
2089 48
