3001 23
3002 45
3003 51
3004 50
3005 95
3007 80
3008 12
3009 18
3010 30
3011 94
3012 31
3013 66
3015 44
3016 51
3017 33
3018 100
3019 21
3020 69
3021 74
3022 87
3023 54
3024 24
3025 55
3026 65
3027 13
3028 15
3029 36
3031 65
3032 43
3033 36
3034 20
3035 43
3036 73
3037 89
3038 96
3039 77
3040 47
3041 73
3042 63
3043 38
3044 23
3045 41
3046 95
3047 62
3048 49
3050 88
3051 22
3052 87
3053 20
3054 84
3055 53
3056 20
3057 94
3058 45
3059 40
3060 43
3061 64
3062 62
3064 55
3066 96
3067 43
3068 90
3069 59
3070 56
3071 87
3072 99
3073 15
3074 14
3075 29
3076 64
3078 48
3079 83
3080 26
