2001 25
2002 87
2003 18
2004 19
2005 37
2006 86
2007 17
2008 40
2009 64
2010 66
2011 37
2012 58
2013 91
2014 19
2015 48
2016 74
2017 23
2018 52
2019 81
2020 99
2021 93
2022 60
2023 63
2024 43
2025 98
2026 29
2027 29
2028 71
2029 68
2030 89
2031 66
2032 82
2033 60
2035 51
2036 74
2037 64
2038 65
2040 51
2041 88
2042 75
2043 22
2044 20
2046 59
2047 85
2048 76
2049 70
2050 81
2051 54
2052 30
2053 99
2054 17
2055 90
2056 51
2057 50
2058 47
2059 56
2060 66
2062 97
2063 23
2065 55
2066 63
2068 81
2069 40
2070 55
2071 56
2073 29
2074 93
2075 85
2076 19
2077 41
2078 56
2079 23
2081 80
2082 27
2083 22
2084 72
2085 66
2086 33
2087 56
2088 59
