4001 37
4002 20
4003 94
4004 34
4005 92
4006 97
4007 73
4008 21
4009 11
4010 60
4011 61
4012 78
4013 74
4014 90
4015 61
4016 32
4017 45
4018 37
4019 82
4020 76
4021 88
4022 75
4023 13
4024 -1
4026 59
4027 68
4028 35
4029 32
4031 35
4032 64
4033 72
4034 48
4035 95
4036 27
4037 72
4039 98
4040 12
4041 65
4042 70
4043 76
4044 89
4045 99
4047 75
4048 93
4049 39
4050 100
4052 67
4053 59
4054 23
4055 56
4056 92
4057 93
4058 33
4060 11
4061 31
4062 50
4063 70
4064 86
4065 46
4066 15
4067 43
4068 88
4069 59
4070 61
4071 33
4072 63
4073 13
4074 96
4075 45
4076 38
4077 54
4078 57
4079 66
4080 54
4081 71
4082 67
4083 73
4084 82
4085 82
4087 77
4089 90
4090 52
4091 92
4092 54
4093 54
4094 81
4095 40
4096 66
4097 15
4098 53
4099 90
