4001 19
4002 50
4003 60
4004 89
4006 13
4007 56
4008 66
4009 -1
4010 10
4011 85
4012 21
4013 29
4014 22
4016 30
4017 59
4018 48
4019 19
4020 -1
4021 63
4022 71
4023 67
4025 47
4026 75
4027 99
4028 41
4029 49
4030 57
4031 75
4032 63
4033 17
4034 81
4035 70
4036 79
4037 83
4038 63
4039 91
4040 94
4041 16
4042 42
4043 93
4044 89
4045 55
4046 44
4047 14
4049 29
4050 77
4052 21
4053 58
4054 48
4055 44
4056 76
4057 48
4058 11
4059 58
4060 12
4061 21
4062 42
4063 76
4064 83
4065 55
4066 75
4067 38
4068 71
4069 28
4070 43
4071 16
4073 42
4074 44
4075 39
4076 34
4077 48
4078 97
4079 40
4080 85
4081 97
4082 43
4083 24
4084 41
4085 63
4086 11
4088 11
4089 23
4090 57
4091 84
4092 97
4093 73
4094 94
4095 55
4096 93
4097 53
4098 85
4099 53
