4001 29
4002 55
4003 93
4004 21
4005 92
4006 53
4007 50
4008 19
4009 97
4010 77
4011 75
4013 19
4014 70
4015 84
4016 87
4017 93
4018 46
4019 24
4020 12
4021 56
4023 31
4024 72
4025 25
4026 42
4027 95
4028 89
4029 65
4030 86
4031 91
4032 77
4033 39
4034 60
4035 51
4036 58
4037 22
4038 71
4039 67
4040 18
4041 16
4042 16
4043 37
4044 35
4045 61
4046 25
4047 56
4048 100
4049 12
4050 19
4051 79
4052 69
4053 99
4054 98
4055 22
4056 24
4057 77
4058 92
4059 92
4060 40
4061 41
4062 38
4063 72
4064 -1
4065 90
4066 -1
4067 52
4068 78
4069 87
4070 68
4071 16
4072 23
4073 32
4074 35
4075 32
4076 75
4077 94
4079 54
4080 45
4081 15
4082 62
4083 82
4086 47
4087 32
4089 73
4090 58
4091 20
4092 65
4093 48
4094 79
4095 91
4096 33
4097 75
4099 73
