4001 22
4002 80
4003 10
4004 89
4005 52
4006 25
4007 94
4008 52
4009 25
4010 65
4011 66
4012 40
4013 94
4014 78
4015 31
4016 44
4017 48
4018 36
4019 41
4020 66
4021 30
4022 43
4024 95
4025 42
4026 97
4027 79
4028 12
4029 50
4030 42
4031 51
4032 -1
4033 97
4034 26
4035 33
4036 21
4037 10
4038 87
4039 33
4040 90
4041 64
4042 15
4043 36
4044 15
4046 98
4047 13
4049 86
4050 69
4051 52
4052 65
4053 56
4054 59
4055 51
4056 11
4057 92
4058 47
4059 96
4060 65
4061 49
4063 100
4065 90
4066 83
4067 47
4068 82
4069 45
4070 71
4071 33
4072 58
4073 50
4074 50
4075 17
4076 28
4077 78
4078 20
4079 40
4080 38
4081 15
4082 25
4085 77
4087 12
4089 53
4090 17
4091 80
4092 78
4093 65
4096 46
4097 88
4098 66
4099 25
