2001 61
2002 26
2003 63
2004 97
2005 46
2006 54
2007 86
2008 28
2010 12
2011 48
2012 30
2013 82
2014 69
2015 28
2016 57
2018 64
2019 75
2020 33
2021 70
2022 33
2023 53
2024 33
2025 74
2026 56
2027 93
2028 -1
2029 52
2030 57
2031 40
2032 90
2034 63
2035 73
2036 82
2037 96
2038 21
2039 43
2040 56
2041 40
2042 28
2043 47
2044 17
2045 45
2046 14
2047 33
2048 77
2049 55
2050 62
2051 92
2052 82
2053 39
2054 53
2055 17
2056 -1
2057 67
2058 99
2059 96
2060 59
2061 74
2062 61
2063 43
2064 65
2065 87
2066 14
2067 98
2068 41
2069 13
2070 48
2072 52
2073 93
2074 59
2075 74
2076 58
2078 23
2079 84
2080 76
2081 94
2083 48
2084 17
2085 99
2086 89
2087 24
2089 19
