4001 31
4002 38
4003 41
4004 97
4005 87
4006 23
4007 76
4009 33
4010 33
4011 14
4012 18
4013 18
4014 -1
4015 62
4017 26
4018 25
4019 33
4020 21
4021 71
4022 20
4023 77
4024 -1
4025 42
4026 96
4027 43
4028 57
4029 96
4030 92
4031 85
4032 54
4033 61
4034 25
4035 63
4036 98
4037 10
4038 96
4039 31
4040 92
4041 94
4042 19
4044 49
4045 93
4046 36
4047 57
4048 61
4049 55
4050 30
4051 38
4052 30
4053 56
4054 46
4055 100
4056 46
4057 97
4058 25
4059 65
4061 39
4062 57
4063 75
4065 38
4068 28
4069 63
4071 83
4072 15
4073 58
4074 83
4075 16
4076 88
4077 77
4078 97
4079 26
4080 67
4081 22
4082 73
4083 12
4085 10
4086 26
4088 88
4091 46
4092 28
4093 84
4094 39
4095 55
4096 50
4097 32
4098 97
4099 28
